7962.09
0
5.25

44
0	5	159000
0	6	108000
0	7	65000
1	2	134000
1	4	44000
1	5	212000
2	1	134000
2	4	17000
2	7	134000
3	4	38000
3	5	50000
4	1	44000
4	2	17000
4	3	38000
5	0	159000
5	1	212000
5	3	50000
5	12	69000
6	0	108000
6	9	90000
6	13	63000
7	0	65000
7	2	134000
7	8	38000
7	14	56000
8	7	38000
8	9	19000
8	11	31000
8	14	23000
9	6	90000
9	8	19000
9	11	32000
10	12	25000
10	13	14000
11	8	31000
11	9	32000
12	5	69000
12	10	25000
12	13	25000
13	6	63000
13	10	14000
13	12	25000
14	7	56000
14	8	23000
210
0	1	0	5	1
0	2	0	7	2
0	3	0	5	3
0	4	0	5	3	4
0	5	0	5
0	6	0	6
0	7	0	7
0	8	0	7	8
0	9	0	6	9
0	10	0	5	12	10
0	11	0	7	8	11
0	12	0	5	12
0	13	0	6	13
0	14	0	7	14
1	0	1	5	0
1	2	1	2
1	3	1	4	3
1	4	1	4
1	5	1	5
1	6	1	5	0	6
1	7	1	2	7
1	8	1	2	7	8
1	9	1	5	0	6	9
1	10	1	5	12	10
1	11	1	2	7	8	11
1	12	1	5	12
1	13	1	5	12	13
1	14	1	2	7	14
2	0	2	7	0
2	1	2	1
2	3	2	4	3
2	4	2	4
2	5	2	1	5
2	6	2	7	0	6
2	7	2	7
2	8	2	7	8
2	9	2	7	8	9
2	10	2	1	5	12	10
2	11	2	7	8	11
2	12	2	1	5	12
2	13	2	1	5	12	13
2	14	2	7	14
3	0	3	5	0
3	1	3	4	1
3	2	3	4	2
3	4	3	4
3	5	3	5
3	6	3	5	0	6
3	7	3	5	0	7
3	8	3	5	0	7	8
3	9	3	5	0	6	9
3	10	3	5	12	10
3	11	3	5	0	7	8	11
3	12	3	5	12
3	13	3	5	12	13
3	14	3	5	0	7	14
4	0	4	1	5	0
4	1	4	1
4	2	4	2
4	3	4	3
4	5	4	1	5
4	6	4	1	5	0	6
4	7	4	2	7
4	8	4	2	7	8
4	9	4	2	7	8	9
4	10	4	1	5	12	10
4	11	4	2	7	8	11
4	12	4	1	5	12
4	13	4	1	5	12	13
4	14	4	2	7	14
5	0	5	0
5	1	5	1
5	2	5	1	2
5	3	5	3
5	4	5	3	4
5	6	5	0	6
5	7	5	0	7
5	8	5	0	7	8
5	9	5	0	6	9
5	10	5	12	10
5	11	5	0	7	8	11
5	12	5	12
5	13	5	12	13
5	14	5	0	7	14
6	0	6	0
6	1	6	0	5	1
6	2	6	0	7	2
6	3	6	0	5	3
6	4	6	0	5	3	4
6	5	6	0	5
6	7	6	0	7
6	8	6	9	8
6	9	6	9
6	10	6	13	10
6	11	6	9	11
6	12	6	13	12
6	13	6	13
6	14	6	9	8	14
7	0	7	0
7	1	7	2	1
7	2	7	2
7	3	7	0	5	3
7	4	7	2	4
7	5	7	0	5
7	6	7	0	6
7	8	7	8
7	9	7	8	9
7	10	7	0	5	12	10
7	11	7	8	11
7	12	7	0	5	12
7	13	7	0	6	13
7	14	7	14
8	0	8	7	0
8	1	8	7	2	1
8	2	8	7	2
8	3	8	7	0	5	3
8	4	8	7	2	4
8	5	8	7	0	5
8	6	8	9	6
8	7	8	7
8	9	8	9
8	10	8	9	6	13	10
8	11	8	11
8	12	8	7	0	5	12
8	13	8	9	6	13
8	14	8	14
9	0	9	6	0
9	1	9	6	0	5	1
9	2	9	8	7	2
9	3	9	6	0	5	3
9	4	9	8	7	2	4
9	5	9	6	0	5
9	6	9	6
9	7	9	8	7
9	8	9	8
9	10	9	6	13	10
9	11	9	11
9	12	9	6	13	12
9	13	9	6	13
9	14	9	8	14
10	0	10	12	5	0
10	1	10	12	5	1
10	2	10	12	5	1	2
10	3	10	12	5	3
10	4	10	12	5	3	4
10	5	10	12	5
10	6	10	13	6
10	7	10	12	5	0	7
10	8	10	13	6	9	8
10	9	10	13	6	9
10	11	10	13	6	9	11
10	12	10	12
10	13	10	13
10	14	10	12	5	0	7	14
11	0	11	8	7	0
11	1	11	8	7	2	1
11	2	11	8	7	2
11	3	11	8	7	0	5	3
11	4	11	8	7	2	4
11	5	11	8	7	0	5
11	6	11	9	6
11	7	11	8	7
11	8	11	8
11	9	11	9
11	10	11	9	6	13	10
11	12	11	9	6	13	12
11	13	11	9	6	13
11	14	11	8	14
12	0	12	5	0
12	1	12	5	1
12	2	12	5	1	2
12	3	12	5	3
12	4	12	5	3	4
12	5	12	5
12	6	12	13	6
12	7	12	5	0	7
12	8	12	13	6	9	8
12	9	12	13	6	9
12	10	12	10
12	11	12	13	6	9	11
12	13	12	13
12	14	12	5	0	7	14
13	0	13	6	0
13	1	13	12	5	1
13	2	13	6	0	7	2
13	3	13	12	5	3
13	4	13	12	5	3	4
13	5	13	12	5
13	6	13	6
13	7	13	6	0	7
13	8	13	6	9	8
13	9	13	6	9
13	10	13	10
13	11	13	6	9	11
13	12	13	12
13	14	13	6	9	8	14
14	0	14	7	0
14	1	14	7	2	1
14	2	14	7	2
14	3	14	7	0	5	3
14	4	14	7	2	4
14	5	14	7	0	5
14	6	14	7	0	6
14	7	14	7
14	8	14	8
14	9	14	8	9
14	10	14	7	0	5	12	10
14	11	14	8	11
14	12	14	7	0	5	12
14	13	14	7	0	6	13
0
